Cross-reference lentele: 
senamiesio: 523 524 
2003: 503 508 
vyriausioji: 498 501 
valdyba: 497 499 
kopija: 492 509 510 521 526 530 
tikrinta: 487 488 
nuoroda: 487 488 
leidybos: 479 483 485 486 500 
razmukait: 479 479 
pupkis: 479 479 
aldonas: 479 479 
interaktyvi: 476 477 
11th: 476 477 
encyclopedia: 476 477 477 
britannica: 475 476 477 
or: 475 477 
lietuvikoji: 498 500 
siemens: 466 468 
vietovs: 497 499 502 503 
algirio: 466 470 
sinagoga: 458 463 464 
based: 476 477 
evangelik: 458 458 
mimo: 458 460 461 
apatal: 443 447 
dievo: 441 455 458 460 461 
jas: 439 458 
of: 420 476 508 510 537 538 
technologij: 415 416 419 
rengimo: 409 414 
darbo: 408 410 
mokymo: 405 408 410 415 416 421 422 
profesinio: 405 414 415 
mikalojaus: 397 448 
wayback: 492 509 510 521 526 530 
nacionalin: 397 424 
mokykla: 390 397 403 407 411 412 413 417 418 419 420 
auktosios: 386 392 
akademija: 381 382 
paslaug: 412 413 414 
vadinamas: 373 431 
alyse: 367 455 
didiausi: 367 455 
kapins: 360 361 455 
katedra: 458 458 460 461 
jono: 348 451 451 
dvasios: 348 446 458 
staiatiki: 348 348 458 
koplyia: 348 348 453 
vart: 348 348 348 348 348 348 348 453 
baroko: 345 345 
kazimiero: 345 345 391 
stiliumi: 345 458 
gyvenamosios: 497 499 502 503 
matomi: 340 371 
darbuotoj: 406 414 
rmai: 340 371 371 
r: 439 458 498 
arkikatedra: 340 452 
pilis: 331 333 
suraymo: 496 499 502 504 
banyi: 330 439 
onos: 330 438 450 
angl: 475 476 477 
mickeviius: 325 348 
gyveno: 325 325 
evangelikai: 318 319 
katalikai: 315 436 
na: 313 313 
165: 313 358 
pamnkalnis: 369 370 371 
leidimas: 479 483 
542: 300 300 300 
1989: 299 502 
1988: 299 501 
tarybin: 498 500 
sentikiai: 317 454 455 
000: 298 298 298 300 300 300 
1970: 299 497 
1916: 297 340 
msur: 295 299 
tarp: 294 371 
informacij: 292 306 
atnaujinkite: 292 306 
jeigu: 292 306 
projekto: 492 509 510 521 526 530 
pasenusi: 291 305 
informacijos: 291 305 
redakcija: 498 501 
katedros: 285 286 336 338 339 345 345 
konstantino: 281 397 
aikt: 280 285 286 287 289 336 338 339 342 344 345 364 366 367 
rotus: 280 342 344 345 345 345 348 
kaimo: 279 497 499 502 
2004: 367 483 
gatv: 279 288 348 
uostas: 272 516 
svarbiausi: 348 362 
papildomos: 270 537 
motinos: 453 455 458 460 461 
amber: 268 493 
psl: 473 474 475 480 481 482 483 484 486 489 498 500 501 
autobus: 266 270 272 274 
kryiai: 340 353 
kryi: 350 352 
solaris: 264 264 
vilnels: 340 340 
vieasis: 262 265 266 
troleibusai: 266 268 493 
keliai: 257 260 
stotis: 272 272 
gatvs: 253 256 348 
dails: 247 382 
pilies: 246 334 
psij: 227 232 234 238 
tilt: 227 227 
baltasis: 222 238 
transporto: 216 270 412 
tiltai: 219 229 244 
edition: 475 476 477 507 
paminklas: 350 352 353 431 
marija: 479 479 
632: 213 313 
2011: 299 314 468 
erdv: 340 345 348 
apgyvendinimo: 211 216 
skaiius: 211 505 
senojo: 345 529 
turizmo: 209 417 
mokyklos: 376 386 392 395 399 401 402 
vidurio: 203 348 
mlrd: 203 205 
189: 203 214 312 
2017: 201 212 301 488 
300: 296 296 312 
juozapo: 373 389 
virijo: 201 203 
eur: 201 203 205 205 
23: 201 434 
21: 90 146 310 403 
viso: 205 308 
bernardin: 109 248 330 
kalvynas: 97 97 
unesco: 82 178 431 
1941: 168 297 
rus: 78 474 480 487 506 
arena: 466 466 466 466 
krepinio: 468 470 
mik: 109 109 
objektai: 25 26 207 327 482 
mieste: 104 154 158 193 195 199 266 
2016: 149 212 
251659r: 45 55 
ras: 360 361 
verslo: 51 367 367 390 411 412 414 415 417 419 
auktutin: 331 333 340 340 
pus: 109 109 
visa: 164 168 340 
vingio: 102 109 111 122 123 125 126 234 466 
greitieji: 266 270 
kur: 104 109 109 348 484 
paneri: 97 109 
temperatra: 131 131 131 139 145 
mikas: 109 109 109 
buvo: 162 162 162 164 164 164 166 166 168 168 168 203 205 
liepa: 111 111 
altiniai: 33 478 
lazdyn: 109 233 466 
geografija: 16 17 87 
teritorijoje: 100 172 184 
ali: 193 531 
vienos: 109 362 
pl: 45 55 
kitas: 100 216 227 
pietin: 100 109 
ant: 353 373 
subsection: 17 22 24 26 28 30 35 
08: 149 310 
kudirkos: 287 371 
2014: 125 126 212 485 
konstantinas: 325 362 
825: 166 300 
iki: 158 164 466 
balio: 104 116 117 
baltijos: 88 93 193 367 455 
praneim: 292 306 
enciklopedija: 3 485 486 498 500 501 
alia: 104 348 
ilg: 45 55 
gubernijos: 164 164 
rokantiki: 95 104 254 
tik: 102 340 348 348 373 
1990: 143 143 176 
emiausia: 95 146 147 
valdia: 164 186 186 
ratas: 111 111 
atnaujinti: 291 305 
europoje: 158 348 
batoro: 166 253 
archiveorg: 521 526 530 
pili: 111 353 
banyia: 345 348 438 441 442 443 444 445 446 447 448 449 450 451 458 458 
arba: 199 373 
the: 476 476 477 508 
tsr: 497 497 499 499 
centrin: 93 426 497 499 
susisiekimas: 21 22 218 
atsiveria: 93 340 
parko: 111 111 234 466 466 
1939: 168 168 297 
soviet: 168 172 176 
pirmojo: 164 496 
iaurs: 93 93 104 106 109 158 162 172 348 
ries: 93 104 
vienas: 325 345 348 367 373 431 
cerkv: 348 348 455 
vryno: 111 236 
kr: 158 325 
isbn: 479 479 508 
iaurje: 93 104 109 
sikrs: 93 367 
pasaulio: 82 178 431 
aukiausias: 358 367 
model: 85 154 
variantas: 85 154 
sudaro: 90 90 93 
pastatai: 90 367 
priklauso: 184 353 455 
gyventoj: 63 162 168 293 307 496 497 499 502 504 505 
14: 176 404 
centro: 88 523 
kurtos: 174 362 
europos: 88 178 289 364 366 367 367 388 431 431 468 
katalik: 348 348 439 
kitos: 392 457 458 
ilikusi: 85 154 
lotyn: 85 154 
ne: 85 184 340 348 
pavilni: 109 111 
veikia: 80 207 274 277 
liep: 111 131 
2008: 482 486 
miest: 100 158 162 162 166 166 184 184 483 
marrut: 266 270 270 270 
2021: 51 122 123 301 504 
109: 143 296 
viena: 102 455 
pramon: 174 174 
prezidentra: 80 330 
ties: 93 102 102 
taip: 85 93 93 158 193 340 470 
atodanga: 93 93 93 
kaln: 109 353 373 466 
v: 69 282 330 345 345 348 348 348 348 348 371 389 438 441 443 444 445 447 448 449 450 451 451 453 455 458 
tapo: 158 158 158 168 172 172 178 345 
mikai: 90 109 109 
respublikos: 80 330 488 502 504 
itrinkite: 292 306 
bendruomen: 11 458 
km: 64 88 88 93 
kart: 61 158 162 536 
700: 296 296 300 
u: 109 348 
bna: 135 137 
telko: 104 104 104 184 
475: 63 300 302 
kalboje: 85 85 154 154 
581: 63 302 
144: 143 147 147 
kit: 158 184 
armija: 162 168 
eeras: 104 104 104 116 117 
kuri: 85 85 154 345 
garin: 97 231 
pamintas: 61 158 
belmonto: 109 252 
vietimo: 27 28 375 
senamiestis: 82 178 429 430 
sukurti: 6 340 
jeruzals: 104 408 
tauro: 371 373 
pakraiais: 93 100 
centru: 51 158 158 
655: 310 315 
ekonomika: 20 174 188 
53: 146 148 
forma: 85 85 85 85 154 154 154 
spariai: 174 209 
aikts: 345 348 
kaip: 85 137 154 158 164 164 164 184 340 
savivaldybs: 80 80 129 183 184 184 186 186 186 197 367 426 
taiau: 102 164 
staigos: 27 28 216 375 405 
kurios: 93 158 345 
pakratys: 93 109 
sostin: 48 80 164 164 166 
mokslo: 325 479 483 485 486 500 
senoji: 85 85 154 154 
vilko: 158 237 
be: 100 291 
lietuvos: 48 58 80 80 80 80 80 85 109 154 157 158 158 158 158 166 168 172 193 193 203 203 207 214 340 340 345 358 373 381 482 483 488 488 496 496 497 497 499 499 501 502 504 
straipsnis: 38 46 48 151 181 220 265 333 339 344 352 357 361 366 370 430 534 
su: 51 85 100 100 154 168 201 334 340 348 348 373 458 521 525 
lenkijos: 158 158 
pirm: 61 158 162 
kaunas: 482 496 
auktum: 93 93 
1994: 82 178 431 484 
1: 65 71 71 213 215 215 215 215 270 473 474 474 481 
bti: 85 537 
kt: 104 109 109 111 458 
yra: 46 80 85 85 88 93 95 97 102 104 104 109 111 131 131 154 154 193 227 266 266 272 291 305 340 345 348 348 348 348 358 367 371 373 373 431 434 439 458 466 534 
io: 345 373 373 
sra: 82 178 431 
38: 144 310 311 
pradia: 14 345 
pakratyje: 104 106 
ugdymo: 27 28 375 
1323: 61 158 
toggle: 17 22 24 26 28 30 35 539 
aukiausi: 109 517 
m: 51 61 63 65 80 82 85 85 95 95 139 139 158 158 158 158 158 161 162 162 162 162 162 164 164 166 166 166 166 168 168 168 168 171 172 172 176 176 176 178 178 195 197 199 201 201 205 266 266 266 268 270 294 294 295 295 295 295 295 295 295 297 297 297 297 297 297 297 297 299 299 299 301 314 334 340 345 358 358 362 367 431 455 455 466 468 496 530 
vardas: 85 85 154 154 
vok: 78 100 
geleinio: 158 237 
vokiei: 168 279 
pagrindinis: 1 109 151 181 220 265 333 339 344 352 357 361 366 370 430 
didysis: 157 158 158 
centras: 80 80 164 193 406 408 409 410 414 415 416 421 422 
emutin: 340 340 
leidiasi: 93 93 
baseinas: 466 466 
prie: 93 104 176 229 244 282 348 358 488 497 
ios: 11 340 348 
33: 144 296 
regiono: 158 172 203 
p: 507 508 
istorija: 18 42 150 151 340 
155: 143 302 
panorama: 51 153 171 528 
parkas: 109 109 109 109 122 123 125 126 
eerai: 104 104 
vilnis: 85 154 268 493 
j: 85 168 199 348 503 
stadionas: 466 466 466 466 
bei: 104 104 158 184 340 348 
vis: 109 376 442 
sietinas: 85 154 
banyios: 282 345 
miestas: 80 85 100 162 431 
gyventojai: 23 24 214 290 373 503 504 
dl: 93 193 348 
karalius: 158 158 
neries: 88 93 93 93 95 100 100 100 340 358 367 
miesto: 25 26 60 60 69 80 85 90 90 93 93 93 95 100 100 109 109 129 154 158 162 181 184 184 186 192 209 327 340 345 367 426 488 515 520 522 533 
daugiausia: 93 109 
ir: 27 28 51 80 80 80 85 85 85 85 88 93 93 93 104 109 109 109 109 109 111 111 131 137 154 158 158 158 158 158 162 162 162 164 164 166 168 168 184 193 199 201 203 205 209 216 216 216 227 258 260 260 264 266 266 270 279 292 294 306 325 325 330 340 340 340 345 348 348 348 348 348 362 362 367 371 375 381 387 406 411 412 415 416 417 419 443 447 451 451 458 458 470 479 483 485 486 497 500 503 523 
vilnius: 36 48 49 52 54 68 72 80 85 85 85 154 154 158 158 164 164 164 168 168 178 348 473 479 483 484 485 485 486 497 498 498 499 500 500 501 501 502 503 504 509 511 530 
is: 46 48 534 536 
lietuva: 58 164 168 176 473 486 
6: 266 311 480 
apie: 48 48 85 154 158 168 439 514 
2023: 63 65 294 301 
wilno: 78 85 475 477 489 
boktas: 340 355 357 367 
dalis: 93 93 104 162 201 291 305 373 
santakoje: 88 340 
a: 85 129 153 154 158 158 162 340 348 431 455 531 532 533 
sapieg: 109 111 
kultra: 29 30 158 428 
altinis: 195 197 199 
vasaros: 57 131 
vilna: 78 85 154 475 476 477 
iame: 291 305 
fone: 51 264 
staiais: 93 334 
transportas: 262 265 266 
56: 148 296 
544113: 45 55 
ozas: 97 113 114 
pavirius: 92 93 95 
mln: 197 199 
taps: 46 340 534 
surinkti: 268 493 
gyventojui: 193 201 203 205 
1940: 143 147 147 168 
straipsniu: 46 534 
etimologija: 15 84 
vilniuje: 77 109 137 166 172 174 176 345 367 493 
500: 296 298 300 300 
2: 78 207 258 309 399 
3: 78 227 498 
enciklopedij: 479 483 485 486 498 500 501 
kurioje: 340 348 
20: 80 88 205 227 266 309 311 507 
mergels: 348 348 449 453 
eer: 104 104 184 
lenk: 78 85 489 
1911: 476 477 
trauktas: 82 178 431 
departamentas: 488 502 503 504 
dar: 100 348 373 373 
apskrities: 80 425 503 
nuo: 80 85 88 88 139 139 139 154 158 164 172 176 334 340 345 348 373 455 
dang: 458 460 461 
1579: 80 158 310 
marijos: 348 348 449 453 
to: 100 199 
per: 109 168 220 227 227 229 244 
400: 201 298 
duomenys: 139 149 496 497 499 502 
jis: 172 193 
susiformavusi: 102 340 
kitur: 104 137 
sportas: 31 465 
atstovybs: 80 80 
kiti: 97 207 308 322 362 
sigaljo: 85 154 
vilni: 75 158 162 162 166 168 172 176 184 220 227 244 340 514 
vilnia: 85 85 85 93 100 154 154 154 
teka: 100 100 100 
on: 476 477 
xv: 85 154 485 
pagal: 85 154 189 293 314 340 373 537 
paveldo: 82 178 431 
pat: 85 85 93 93 154 158 340 470 
karo: 162 164 172 
statistikos: 488 496 497 499 502 503 504 
sigaljs: 85 154 
paslpti: 10 13 
bendrinje: 85 154 
kad: 85 85 348 
ups: 85 93 135 154 158 
alytus: 85 154 
tarmse: 85 154 
kalbos: 85 154 484 
pastat: 431 517 
irmn: 226 241 410 
tiltas: 222 224 226 231 232 233 234 235 236 237 238 239 240 241 242 243 246 247 248 249 250 251 252 253 254 255 256 
keletas: 100 104 
o: 85 85 95 100 109 109 131 340 348 371 
usienio: 80 193 205 
parke: 111 353 
i: 85 100 199 205 308 329 431 484 486 489 492 509 510 521 526 530 
but: 199 199 
sentiki: 455 455 
valdios: 80 193 
vyrika: 85 85 85 
gali: 85 537 
vyrauja: 109 109 
labai: 100 158 
universiteto: 158 390 394 427 
plyti: 93 106 
apskritis: 59 59 59 
vadinti: 85 373 
5: 93 260 270 
vilnios: 85 88 119 120 154 
d: 158 176 176 270 468 
aukiausia: 143 144 
padaryta: 85 154 
teritorijos: 90 129 
vienuolynas: 348 348 
augaviet: 111 111 
ventosios: 158 446 
marrutai: 266 270 270 
73: 146 148 
rodyti: 129 531 532 533 
klimatas: 130 131 141 487 
teress: 348 444 
skveras: 281 282 286 
vidutin: 131 131 131 
sostine: 172 178 
c: 131 131 131 133 135 143 144 145 146 147 
lietuvoje: 88 137 137 158 184 268 345 345 367 434 
209: 144 298 
t: 85 154 473 481 485 486 489 498 500 501 
17: 131 296 
iurlionis: 325 362 
vasar: 133 168 168 
gatves: 268 493 
688: 131 148 
mm: 131 148 
30: 133 135 
gyvenamieji: 199 199 199 
greta: 348 348 
visoje: 137 158 348 
ryt: 85 100 137 154 
40: 168 309 439 
oro: 139 272 516 
28: 145 475 
televizijos: 176 355 357 
centre: 345 371 
krituliai: 139 148 
didiausias: 266 466 
alyta: 85 154 
senamiesiu: 51 431 
archyvuota: 492 509 510 521 526 530 
372: 147 147 300 
2007: 143 299 
2012: 143 268 
1931: 143 147 166 297 
354: 143 143 
antavili: 104 109 
1959: 143 143 297 497 
1992: 143 143 
literatra: 32 472 
vid: 144 145 146 
1964: 147 473 
18: 144 184 203 264 400 
11: 144 146 176 201 480 
121: 144 146 
vietos: 111 348 373 496 
machine: 492 509 510 521 526 530 
kyla: 93 93 
1923: 297 496 
128: 145 298 
41: 145 312 
01: 145 147 320 321 
69: 145 146 309 
formos: 85 154 
bendriniu: 85 154 
tvenkinys: 104 104 104 
179: 145 298 
pats: 85 158 
67: 145 146 
kalno: 334 334 353 373 373 373 
35: 146 146 147 313 
inoma: 85 154 
48: 147 148 313 
vakar: 158 203 
2002: 143 479 
358: 147 195 
1956: 147 147 266 
du: 184 201 
1982: 147 499 
lietuvi: 11 154 473 484 485 
37: 148 195 
42: 148 148 309 
46: 148 296 
66: 131 145 
xix: 153 455 
pavadinimas: 154 373 
sudar: 197 205 
sostins: 193 203 531 532 
amiaus: 154 158 158 
kunigaiktis: 157 158 158 
met: 157 162 499 502 504 505 
saugomos: 111 129 
sukurta: 158 203 345 
institutas: 479 483 484 485 486 500 
rusijos: 162 162 164 164 164 
legenda: 158 373 
savivaldyb: 19 60 60 60 180 181 184 184 488 
po: 162 164 172 
12: 145 199 264 268 313 
ia: 348 362 367 439 439 458 
verki: 104 104 109 111 
laikotarpio: 158 205 
pradioje: 158 195 268 505 
jos: 158 345 373 
rytin: 93 104 109 
pasiymi: 193 334 
upvardis: 85 154 
1769: 294 295 
atsirado: 270 270 
gedimino: 158 334 334 340 340 383 
vilniui: 74 157 158 
kovo: 158 176 
adomas: 325 348 
universitet: 158 164 
universitetas: 158 158 166 383 385 387 388 391 
yd: 158 168 168 348 458 458 
intakas: 93 100 100 
ekins: 97 113 114 
kultros: 158 178 178 325 
biblioteka: 158 424 425 426 427 
vardo: 85 85 85 85 154 154 154 154 
emlapis: 161 521 522 523 525 526 
metu: 162 162 
um: 162 166 168 172 176 
200: 215 296 298 
nors: 162 373 
rusai: 162 308 
13: 162 227 536 
mikalojus: 325 362 
bet: 162 184 340 
bent: 291 305 
stepono: 166 253 
ner: 100 100 227 229 
kurie: 176 340 
xviii: 162 340 
simonas: 325 325 
vystsi: 164 174 
1991: 176 299 
trys: 340 348 353 
fabrikas: 174 174 
veik: 166 195 
pilaits: 104 109 
centr: 348 367 
geleinkelio: 172 254 272 412 
seniausi: 340 362 
up: 85 85 100 119 120 
1979: 299 499 
auktumos: 93 93 
sjungos: 168 176 
odiu: 85 154 
lietuv: 168 172 
rinkos: 408 410 
bvp: 193 201 201 203 203 
sovietai: 172 176 
mons: 195 266 324 
nam: 168 172 283 
1944: 171 172 297 
10: 147 317 322 511 
link: 93 348 
auros: 347 348 348 348 348 348 348 453 
main: 174 174 174 
srov: 229 244 
gamyklos: 174 174 
liubarto: 224 235 
xiii: 158 489 
pastatyta: 174 455 
vyko: 176 468 
straipsnyje: 48 291 305 
rankiai: 9 44 
sausio: 176 176 
moni: 176 193 
nuorodos: 34 35 513 
ar: 189 373 
jo: 189 340 371 373 
daug: 111 193 
daugiau: 199 201 439 458 
galite: 190 292 306 
visi: 193 215 
vienam: 193 201 203 205 
2020: 195 466 
tkst: 195 195 
auga: 109 109 109 209 
dirbo: 195 325 
1897: 295 506 
2019: 197 199 212 
eurreikalingas: 197 199 
savaits: 11 46 534 
namai: 199 199 199 
4: 131 501 
trij: 199 350 352 
vilniaus: 51 59 59 60 60 73 80 80 80 82 85 85 106 109 141 149 151 154 154 158 158 158 162 164 166 168 171 172 172 172 174 178 181 184 186 186 197 201 209 211 264 265 266 266 272 272 272 288 293 307 333 334 340 340 340 340 345 345 348 348 353 357 367 367 371 376 376 380 382 383 384 389 390 394 398 408 409 410 411 412 413 414 415 416 417 419 425 426 427 430 452 455 458 458 458 458 460 461 463 464 487 488 503 511 516 517 518 520 521 522 523 524 525 526 528 529 533 
106: 144 146 
2018: 201 205 212 
